Email and Phone Numbers Data for: dentiste fes
Total Emails: 62 | Total Phone Numbers: 4967
Generated on: 8/17/2025, 9:45:52 PM
────────────────────────────────────────────────────────────

EMAILS:
────────────────────
ada.lui-gallassi@oru.se
adm@samu.ma
almomar04@gmail.com
alpes-maritimes@oncd.org
anu.leppiman@taltech.ee
anu@vive.dk
audioptic-rabat@menara.ma
bennissaid@hotmail.fr
bmc.co@ft.com
bou_ghaleb@menara.ma
burg@menara.ma
c@li.nh
cabinetdentaire.amlal@gmail.com
centralassistance@uma.ma
centre.dentaire.errachidi@gmail.com
chraibidents@gmail.com
cliniquealkawtar@menara.ma
d.referrals@nhs.net
denteeth@clinic.com
derivatives@reuter.com
donnees.personnelles@edicom.ma
drbenajiba@hotmail.com
elke.murdock@uni.lu
epdent.formation@gmail.com
f.barbabella@inrca.it
florent.cholat@univ-grenoble-alpes.fr
helpdesk@jointogethergroup.com
isabelle.tournier@i-zd.lu
isas.maroc@menara.ma
isasouarzazate@isas.ma
jdbensouda@menara.ma
jim.ogg@cnav.fr
johna@ruc.dk
juanpablodevis@gmail.com
kieran.walsh@nuigalway.ie
labogalilee@yahoo.fr
ldh@du.se
luca.daconta@unimib.it
maciej.kucharczyk@age-platform.eu
marouane1983@hotmail.com
matthias.drilling@fhnw.ch
medhormi@yahoo.fr
merle.sumil-laanemaa@tlu.ee
moukacha@hotmail.com
news@reuter.fi
nkeating@ualberta.ca
nom@domaine.fr
orthodontiste@gmail.com
rabaf@gmail.com
sales@airocean.ma
sas.info@isas.ma
sawssanb@hotmail.com
soc28@yandex.ru
sofie.van.regenmortel@vub.be
support@gmail.com
support@mail.com
szeman.zsuzsanna@public.semmelweis-univ.hu
u@f8.zg
utilisateur@domaine.com
veerle.draulans@kuleuven.be
widexmaroc1@gmail.com
yas_benabs@hotmail.fr

PHONE NUMBERS:
────────────────────
+212600320000
+212600396100
+212600448700
+212600475300
+212600610004
+212600878114
+212601000000
+212601222100
+212601273300
+212601950000
+212602168900
+212602210000
+212602221000
+212602460000
+212602889200
+212602942400
+212602994000
+212603045000
+212603117600
+212603161500
+212603175400
+212603177700
+212603191800
+212603205700
+212603208000
+212603221900
+212603235800
+212603238100
+212603240400
+212603242700
+212603256800
+212603270700
+212603284600
+212603298700
+212603312800
+212603315100
+212603317400
+212603331500
+212603333800
+212603336100
+212603350200
+212603364300
+212603366600
+212603380700
+212603383000
+212603385300
+212603387600
+212603402000
+212603404300
+212603418400
+212603420700
+212603423000
+212603437100
+212603451200
+212603453500
+212603500200
+212603572900
+212603590000
+212604130802
+212604468900
+212604500800
+212604537900
+212604540200
+212604554300
+212604556600
+212604570700
+212604573000
+212604587100
+212604601200
+212604615300
+212604629400
+212604643500
+212604645800
+212604648100
+212604650400
+212604664500
+212604678600
+212604680900
+212604695000
+212604697300
+212604699600
+212604713700
+212604727800
+212604741900
+212604744200
+212604746500
+212604748800
+212604751100
+212604765200
+212604767500
+212604781600
+212604783900
+212604798000
+212604800300
+212604814400
+212604816700
+212604830800
+212604844900
+212604859000
+212604861300
+212604863600
+212604865900
+212604879800
+212604882100
+212604884400
+212604898300
+212604912200
+212604914500
+212604916800
+212604930700
+212604933000
+212604946900
+212604961000
+212604963300
+212604981900
+212605033400
+212605060400
+212605102500
+212605104800
+212605107100
+212605121000
+212605134900
+212605137200
+212605151100
+212605153400
+212605155700
+212605158000
+212605171900
+212605185800
+212605199700
+212605213600
+212605227500
+212605229800
+212605230000
+212605232100
+212605234400
+212605248300
+212605250600
+212605252900
+212605266800
+212605280700
+212605283000
+212605285300
+212605299200
+212605313100
+212605315400
+212605329300
+212605331600
+212605345500
+212605347800
+212605350100
+212605364000
+212605377900
+212605380200
+212605382500
+212605396400
+212605410300
+212605424400
+212605426700
+212605440800
+212605443100
+212605457500
+212605471600
+212605485700
+212605488000
+212605490300
+212605492600
+212605506500
+212605520400
+212605522700
+212605525000
+212605538900
+212605552800
+212605555100
+212605557400
+212605571300
+212605573600
+212605587500
+212605589800
+212605592100
+212605594400
+212605608300
+212605622200
+212605636600
+212605650400
+212605664300
+212605678700
+212605681000
+212605683300
+212605685600
+212605687900
+212605690200
+212605692500
+212605706900
+212605721300
+212605735700
+212605738000
+212605740300
+212605754700
+212605769000
+212605771300
+212605785600
+212605800000
+212605802300
+212605816600
+212605818900
+212605821200
+212605823500
+212605837900
+212605840200
+212605842500
+212605856900
+212605859200
+212605873500
+212605887900
+212605902300
+212605916700
+212605931100
+212605933400
+212605935700
+212605950100
+212605964500
+212605966800
+212605969100
+212605983500
+212605997900
+212606000200
+212606002500
+212606004800
+212606019200
+212606033600
+212606047900
+212606050200
+212606052500
+212606054800
+212606057100
+212606059400
+212606060606
+212606073800
+212606088100
+212606090400
+212606104800
+212606107100
+212606121500
+212606123800
+212606126100
+212606140500
+212606154900
+212606157200
+212606171600
+212606186000
+212606200400
+212606214800
+212606217100
+212606231400
+212606245800
+212606248100
+212606250400
+212606252700
+212606267100
+212606269400
+212606271700
+212606274000
+212606288400
+212606302800
+212606305100
+212606319400
+212606333800
+212606348100
+212606362500
+212606364800
+212606367100
+212606369400
+212606371700
+212606386100
+212606388400
+212606441900
+212606510100
+212606556500
+212606870000
+212607120300
+212607189500
+212607241600
+212607763329
+212607920000
+212607986450
+212608052656
+212608085656
+212608103900
+212608118300
+212608132600
+212608146500
+212608160400
+212608162700
+212608176600
+212608178900
+212608181200
+212608195100
+212608197400
+212608199700
+212608202000
+212608215900
+212608229800
+212608232100
+212608234400
+212608248800
+212608251100
+212608265100
+212608317800
+212608370100
+212608440200
+212608510000
+212609206100
+212609281700
+212609291500
+212609300500
+212609309900
+212609323800
+212609337700
+212609340000
+212609342300
+212609344600
+212609358500
+212609372400
+212609386300
+212609388600
+212609390900
+212609404800
+212609407100
+212609421000
+212609435400
+212609449800
+212609452100
+212609466000
+212609479900
+212609482200
+212609484500
+212609498400
+212609500700
+212609514600
+212609528500
+212609530800
+212609544700
+212609558600
+212609560900
+212609563200
+212609577100
+212609579400
+212609581700
+212609595600
+212609597900
+212609612100
+212609614400
+212609616700
+212609630800
+212609633100
+212609667400
+212610034002
+212610065003
+212610072006
+212610150000
+212610530300
+212610599500
+212610646400
+212610683900
+212610686200
+212610700300
+212610702600
+212610704900
+212610707200
+212610721100
+212610735000
+212610748900
+212610793500
+212610833400
+212611338500
+212611347900
+212611399300
+212611413400
+212611415700
+212611429600
+212611431900
+212611445800
+212611459700
+212611462000
+212611476100
+212611490000
+212611492300
+212611494600
+212611496900
+212611510800
+212611524700
+212611538800
+212611541100
+212611543400
+212611545700
+212611548000
+212611561900
+212611575800
+212611578100
+212611592000
+212611594300
+212611608200
+212611622100
+212611624400
+212611626700
+212611629000
+212611631300
+212611645400
+212611659300
+212611661600
+212611663900
+212611677800
+212611692200
+212611694500
+212611708400
+212611710700
+212611724600
+212611738500
+212611752900
+212611755200
+212611757500
+212611771400
+212611780000
+212611785300
+212611799200
+212611813100
+212611815400
+212611817700
+212611831900
+212611834200
+212611836500
+212611850400
+212611852700
+212611855000
+212611868900
+212611882800
+212611885100
+212611887400
+212611901300
+212611915200
+212611917500
+212611931400
+212611945300
+212611947600
+212611949900
+212611952200
+212611954500
+212611968900
+212611982800
+212611996700
+212611999000
+212612001300
+212612015200
+212612017500
+212612019800
+212612033700
+212612036000
+212612049900
+212612052200
+212612054500
+212612068400
+212612082300
+212612096200
+212612098500
+212612108100
+212612156300
+212612158600
+212612160900
+212612175000
+212612217800
+212612244700
+212612263700
+212612277800
+212612280100
+212612282400
+212612296300
+212612310200
+212612312500
+212612326400
+212612340300
+212612342600
+212612344900
+212612358800
+212612361100
+212612363400
+212612377300
+212612391200
+212612393500
+212612407400
+212612409700
+212612412000
+212612414300
+212612428200
+212612430500
+212612444400
+212612458300
+212612472200
+212612474500
+212612488300
+212612502700
+212612505000
+212612518900
+212612521200
+212612535600
+212612537900
+212612552300
+212612554600
+212612556900
+212612571200
+212612573500
+212612587900
+212612602300
+212612616700
+212612619000
+212612633300
+212612647700
+212612650000
+212612652300
+212612654600
+212612669000
+212612671300
+212612710500
+212612724600
+212612740000
+212612769500
+212612783900
+212612786200
+212612788500
+212612802900
+212612881500
+212612883800
+212612886100
+212612939400
+212612953300
+212612967200
+212612981100
+212612983400
+212612997700
+212613000000
+212613150000
+212613398072
+212613410000
+212613669700
+212614479600
+212614531700
+212614584000
+212614638000
+212615050000
+212615306300
+212615357200
+212615402700
+212615470000
+212615483900
+212615486200
+212615500100
+212615502400
+212615504700
+212615518600
+212615532500
+212615534800
+212615548700
+212615551000
+212615564900
+212615578800
+212615592700
+212615606600
+212615641600
+212615643900
+212615646200
+212615648500
+212615650800
+212615718200
+212615732300
+212615770100
+212615817100
+212616170000
+212616470000
+212616627700
+212616641600
+212616643900
+212616657800
+212616671700
+212616674000
+212616676300
+212616680000
+212616690200
+212616692500
+212616694800
+212616708700
+212616711000
+212616724900
+212616738800
+212616741100
+212616755000
+212616768900
+212616782800
+212616796700
+212616799000
+212616812900
+212616815200
+212616829100
+212616843000
+212616845300
+212616847600
+212616849900
+212616852200
+212616854500
+212616868900
+212616883300
+212616885600
+212616899500
+212616901800
+212616904100
+212616918400
+212616920700
+212616935100
+212616937400
+212616939700
+212616954100
+212616956400
+212616970800
+212616985100
+212616999400
+212617001700
+212617004000
+212617006300
+212617020700
+212617035100
+212617049500
+212617063900
+212617066200
+212617068500
+212617082900
+212617097300
+212617099600
+212617114000
+212617116300
+212617130600
+212617145000
+212617147300
+212617149600
+212617151900
+212617154200
+212617168600
+212617170900
+212617184800
+212617199100
+212617201400
+212617203700
+212617206000
+212617219900
+212617234300
+212617236600
+212617238900
+212617252800
+212617267200
+212617281100
+212617295000
+212617308900
+212617311200
+212617325100
+212617327400
+212617341300
+212617343600
+212617345900
+212617348200
+212617421900
+212617478500
+212617531600
+212617605400
+212617619800
+212617622100
+212617671700
+212617723500
+212618320000
+212618427400
+212618429700
+212618460000
+212619331700
+212619410200
+212619424300
+212619560000
+212619807497
+212619950000
+212620036003
+212620092500
+212620144500
+212620196600
+212620198900
+212620212800
+212620215100
+212620229000
+212620242900
+212620245200
+212620280000
+212620327100
+212620401000
+212620960000
+212621303700
+212621317800
+212621355400
+212621369300
+212621383200
+212621397100
+212621411000
+212621413300
+212621427200
+212621441100
+212621443400
+212621445700
+212621459500
+212621461800
+212621464100
+212621466400
+212621468700
+212621482600
+212621496600
+212621498900
+212621512800
+212621526700
+212621529000
+212621531300
+212621545200
+212621547500
+212621549800
+212621563700
+212621566000
+212621579900
+212621590000
+212621593800
+212621596100
+212621598400
+212621612300
+212621638700
+212621679200
+212621931397
+212622922105
+212623420000
+212623881000
+212623888100
+212623905100
+212623919000
+212623932900
+212623935200
+212623937500
+212623951400
+212623965300
+212623979200
+212623981500
+212623983800
+212623986100
+212624000000
+212624013900
+212624028300
+212624030600
+212624032900
+212624035200
+212624037500
+212624051400
+212624053700
+212624067600
+212624081500
+212624095400
+212624097700
+212624100000
+212624102300
+212624116200
+212624130100
+212624132400
+212624146300
+212624148600
+212624162400
+212624176500
+212624178800
+212624192700
+212624195000
+212624197300
+212624211100
+212624225000
+212624227300
+212624229600
+212624244546
+212624272100
+212624298700
+212624506383
+212624950500
+212625001800
+212625015700
+212625029800
+212625032100
+212625034400
+212625048500
+212625050800
+212625053100
+212625067200
+212625069500
+212625083600
+212625097700
+212625100000
+212625102300
+212625116400
+212625130300
+212625132600
+212625146500
+212625148800
+212625162700
+212625176600
+212625190500
+212625204400
+212625206700
+212625209000
+212625211300
+212625213600
+212625227500
+212625229800
+212625232100
+212625246000
+212625248300
+212625250600
+212625264900
+212625267200
+212625281100
+212625283400
+212625297800
+212625300100
+212625302400
+212625316800
+212625319100
+212625333500
+212625347900
+212625350200
+212625364600
+212625378400
+212625392800
+212625407200
+212625409500
+212625411800
+212625426000
+212625440400
+212625454700
+212625457000
+212625459300
+212625461600
+212625463900
+212625478200
+212625492600
+212625494900
+212625497200
+212625511600
+212625513900
+212625517277
+212625528300
+212625530600
+212625545000
+212625547300
+212625549600
+212625564000
+212625578400
+212625592800
+212625607200
+212625621500
+212625623800
+212625638000
+212625652400
+212625654700
+212625669100
+212625671400
+212625685800
+212625688100
+212625690400
+212625692700
+212625695000
+212625709400
+212625723600
+212625725900
+212625728200
+212625742600
+212625757000
+212625771200
+212625773500
+212625775800
+212625790200
+212625792500
+212625806900
+212625809200
+212625823600
+212625825900
+212625828200
+212625830500
+212625844400
+212625846700
+212625861100
+212625863400
+212625877700
+212625880000
+212625894400
+212625896700
+212625910600
+212625953500
+212626643900
+212627510900
+212627560900
+212627632500
+212627684800
+212627738600
+212627813600
+212627827700
+212627883900
+212627960314
+212628330100
+212628411400
+212628480800
+212628483100
+212628497000
+212628510900
+212628513200
+212628527100
+212628541000
+212628554900
+212628569100
+212628583000
+212628585300
+212628587600
+212628589900
+212628592200
+212628606100
+212628608400
+212628610700
+212628624500
+212628626800
+212628687400
+212629555200
+212629587100
+212629601200
+212629647600
+212629719300
+212629733200
+212629747000
+212629749300
+212629751600
+212629753900
+212629756200
+212629758500
+212629760800
+212629763100
+212629765400
+212629767700
+212629781600
+212629795500
+212629809400
+212629811700
+212629825600
+212629839500
+212629853300
+212629867200
+212629881100
+212629895000
+212629908900
+212629922800
+212629925100
+212629939000
+212629941300
+212629955200
+212629969100
+212629971400
+212629973700
+212629976000
+212629978300
+212629992500
+212629994800
+212630008700
+212630022600
+212630024900
+212630031006
+212630036006
+212630044300
+212630046600
+212630065002
+212630073000
+212630075300
+212630089200
+212630103100
+212630117100
+212630131000
+212630133300
+212630147200
+212630149500
+212630156600
+212630200000
+212630202300
+212630878114
+212631577399
+212632404100
+212632406400
+212632420300
+212632422600
+212632437000
+212632450900
+212632453200
+212632467100
+212632469400
+212632483300
+212632485600
+212632499500
+212632501800
+212632504100
+212632517900
+212632520200
+212632534300
+212632548700
+212632562800
+212632576900
+212632591000
+212632593300
+212632607200
+212632609500
+212632611800
+212632625900
+212632628200
+212632630500
+212632644600
+212632646900
+212632649200
+212632663100
+212632665400
+212632667700
+212632681600
+212632683900
+212632686200
+212632700100
+212632702400
+212632704700
+212632718600
+212632733000
+212632746900
+212632749200
+212632763100
+212632776900
+212632779200
+212632793100
+212632795400
+212632809800
+212632824000
+212632838400
+212632840700
+212632855100
+212632869400
+212632871700
+212632874000
+212632876300
+212632878600
+212632880900
+212632883200
+212632897500
+212632899800
+212632914000
+212632928300
+212632942700
+212632945000
+212632959300
+212632973700
+212632988100
+212632990400
+212633004800
+212633007100
+212633009400
+212633023800
+212633038200
+212633040500
+212633042800
+212633057200
+212633071600
+212633073900
+212633088300
+212633090600
+212633092900
+212633095200
+212633097500
+212633111700
+212633114000
+212633128400
+212633130700
+212633133000
+212633135300
+212633149700
+212633164100
+212633178500
+212633192900
+212633195200
+212633209600
+212633224000
+212633226300
+212633240700
+212633243000
+212633245300
+212633247600
+212633249900
+212633264300
+212633278700
+212633293100
+212633307500
+212633309800
+212633312100
+212633326400
+212633340800
+212633355200
+212633357500
+212633359800
+212633362100
+212633376500
+212633390800
+212633405000
+212633407300
+212633421700
+212633424000
+212633426300
+212633428600
+212633430900
+212633445300
+212633459700
+212633474100
+212633476400
+212633490700
+212633504700
+212633507000
+212633509300
+212633523600
+212633525900
+212633528200
+212633542500
+212633544800
+212633559200
+212633573600
+212633575900
+212633590200
+212633604600
+212633606900
+212633609200
+212633611500
+212633625400
+212633627700
+212633641600
+212633655700
+212633670100
+212633672400
+212633682200
+212633696100
+212633710000
+212633712300
+212633714600
+212633728500
+212633742800
+212633745100
+212633759500
+212633761800
+212633764100
+212633830400
+212633887000
+212633935115
+212634555200
+212635437100
+212635519100
+212635593500
+212635646000
+212635698100
+212635749200
+212635804000
+212635855000
+212636750400
+212636764300
+212636778200
+212636792100
+212636806000
+212636808300
+212636822200
+212636824500
+212636826800
+212636840700
+212636843000
+212636856900
+212636859200
+212636873100
+212636887000
+212636900900
+212636903200
+212636905500
+212636919400
+212636921700
+212636924000
+212636937900
+212636940200
+212636954100
+212636968000
+212636970300
+212636972600
+212636986500
+212637000400
+212637002700
+212637016600
+212637030500
+212637032800
+212637046700
+212637060600
+212637062900
+212637065200
+212637067500
+212637069800
+212637083700
+212637086000
+212637088300
+212637102200
+212637104500
+212637118400
+212637120700
+212637151700
+212637165800
+212637168100
+212637213500
+212637250300
+212637324800
+212637606852
+212638220800
+212638234700
+212638248600
+212638262500
+212638264800
+212638267100
+212638281000
+212638283300
+212638297200
+212638299500
+212638301800
+212638315700
+212638318000
+212638331900
+212638334200
+212638375300
+212638424700
+212638743855
+212639076500
+212639103100
+212639117000
+212639119300
+212639133200
+212639135500
+212639149400
+212639151700
+212639165600
+212639179500
+212639193400
+212639195700
+212639198000
+212639211900
+212639225800
+212639239700
+212639242000
+212639255900
+212639258200
+212639272100
+212639274400
+212639288300
+212639290600
+212639292900
+212639295200
+212639309100
+212639311400
+212639325300
+212639339200
+212639341500
+212639343800
+212639346100
+212639360300
+212639362600
+212639364900
+212639378800
+212639381100
+212639395500
+212639397800
+212639411700
+212639414000
+212639427900
+212639430200
+212639444100
+212639458000
+212639471900
+212639474200
+212639488100
+212639502500
+212639516400
+212639518700
+212639521000
+212639523300
+212639525600
+212639539500
+212639553400
+212639555700
+212639569600
+212639571900
+212639574200
+212639576500
+212639590400
+212639592700
+212639606600
+212639620500
+212639634400
+212639636700
+212639639000
+212639641300
+212639643600
+212639657500
+212639659800
+212639673700
+212639687600
+212639689900
+212639692200
+212639694500
+212639708400
+212639722300
+212639736200
+212639750100
+212639764000
+212639766300
+212639780200
+212639794100
+212639808000
+212639810300
+212639812600
+212639814900
+212639817200
+212639831100
+212639833400
+212639847300
+212639849600
+212639863500
+212639865800
+212639879700
+212639882000
+212639884300
+212639898200
+212639900500
+212639914400
+212639928300
+212639930600
+212639932900
+212639946800
+212639960700
+212639974600
+212639976900
+212639991100
+212639993400
+212640007300
+212640009600
+212640011900
+212640020006
+212640025800
+212640028100
+212640036003
+212640042000
+212640055900
+212640058200
+212640062003
+212640064006
+212640069006
+212640072100
+212640086000
+212640088300
+212640102500
+212640116400
+212640118700
+212640121000
+212640123300
+212640137200
+212640139500
+212640141800
+212640155700
+212640158000
+212640160300
+212640162600
+212640164900
+212640178800
+212640192700
+212640206500
+212640220400
+212640222700
+212640236600
+212640238900
+212640253300
+212640255600
+212640257900
+212640272300
+212640286700
+212640301100
+212640303400
+212640305700
+212640320100
+212640322400
+212640336600
+212640351000
+212640365200
+212640367500
+212640381900
+212640384200
+212640386500
+212640400800
+212640415200
+212640429600
+212640443900
+212640458300
+212640460600
+212640462900
+212640465200
+212640479600
+212640481900
+212640484200
+212640486500
+212640488800
+212640491100
+212640493400
+212640507800
+212640522100
+212640536500
+212640550900
+212640553200
+212640567600
+212640569900
+212640572200
+212640586600
+212640601000
+212640615300
+212640629500
+212640631800
+212640634100
+212640636400
+212640650800
+212640665100
+212640679500
+212640693900
+212640708300
+212640710600
+212640712900
+212640727300
+212640729600
+212640731900
+212640746300
+212640760600
+212640775000
+212640777300
+212640779600
+212640781900
+212640796000
+212640798300
+212640812700
+212640815000
+212640829400
+212640831700
+212640834000
+212640836300
+212640850700
+212640853000
+212640855300
+212640869700
+212640872000
+212640874300
+212640888400
+212640890700
+212640905100
+212640919500
+212640921800
+212640936100
+212640938400
+212640952800
+212640955100
+212640957400
+212640959700
+212640974100
+212640976400
+212640978700
+212640981000
+212640995400
+212640997700
+212641011900
+212641026300
+212641040700
+212641055100
+212641057400
+212641071800
+212641074100
+212641076400
+212641078700
+212641093100
+212641095400
+212641109800
+212641112100
+212641114400
+212641128800
+212641143100
+212641157500
+212641171900
+212641174200
+212641188500
+212641190800
+212641205100
+212641219500
+212641233700
+212641248100
+212641250400
+212641252700
+212641255000
+212641269400
+212641271700
+212641285900
+212641288200
+212641290500
+212641292800
+212641307200
+212641321600
+212641323900
+212641326200
+212641328500
+212641342900
+212641357300
+212641371600
+212641411200
+212641425600
+212641439700
+212641510900
+212641576300
+212641578600
+212641580900
+212641594900
+212641597200
+212641599500
+212641613400
+212641615700
+212641630200
+212641710000
+212641724300
+212641738200
+212641752600
+212641817000
+212641870400
+212641936700
+212642754600
+212642807400
+212642833800
+212642875200
+212642893000
+212642900100
+212643400810
+212643465087
+212645102000
+212645679403
+212645984000
+212646036500
+212646079000
+212646080000
+212646528600
+212646542500
+212646556900
+212646570800
+212646573100
+212646575400
+212646577700
+212646591600
+212646605500
+212646619400
+212646633800
+212646636100
+212646638400
+212646652300
+212646666400
+212646668700
+212646710100
+212646712400
+212646714700
+212646717000
+212646719300
+212646733200
+212648300336
+212648728500
+212648735600
+212648762100
+212648779200
+212648839000
+212648879500
+212648893600
+212648942000
+212649006500
+212649023300
+212649618843
+212649841700
+212649855600
+212649869500
+212649871800
+212649885700
+212649888000
+212649890300
+212649892600
+212649894900
+212649897200
+212649911100
+212649925000
+212649938900
+212649941200
+212649955100
+212650020004
+212650030002
+212650033003
+212650034006
+212650063006
+212650072006
+212650073007
+212650074002
+212650074006
+212652050616
+212652962937
+212653535048
+212653694024
+212655370000
+212656080000
+212656641454
+212659330000
+212660032003
+212660038006
+212660074007
+212660124450
+212660240000
+212660544886
+212660993930
+212661074918
+212661080000
+212661100392
+212661134555
+212661151480
+212661174384
+212661198258
+212661202363
+212661280108
+212661380939
+212661423043
+212661960000
+212662012922
+212662524293
+212662652055
+212662910000
+212663351816
+212663750000
+212664025378
+212664451209
+212664630000
+212665328787
+212665329989
+212665470000
+212665478244
+212666310000
+212666490346
+212666626115
+212666686646
+212667260000
+212667269834
+212667556274
+212668190000
+212669140000
+212669197084
+212669572599
+212669980000
+212670010190
+212670072006
+212670820000
+212671730000
+212672660000
+212674225528
+212675003143
+212677966107
+212678140000
+212678477609
+212679980000
+212680074007
+212680230000
+212681870000
+212683510000
+212684020202
+212685150000
+212686347484
+212686790000
+212688420000
+212688939500
+212688943400
+212688957300
+212688971200
+212688985100
+212688999000
+212689001300
+212689003600
+212689017500
+212689019800
+212689022100
+212689036000
+212689049900
+212689052200
+212689054500
+212689056800
+212689070700
+212689084600
+212689098500
+212689106542
+212689112400
+212689114700
+212689117000
+212689119300
+212689133200
+212689135500
+212689149400
+212689151700
+212689165600
+212689167900
+212689170200
+212689184500
+212689186800
+212689201100
+212689203400
+212689205700
+212689220100
+212689234300
+212689236600
+212689250800
+212689265200
+212689279600
+212689281900
+212689284200
+212689298600
+212689300900
+212689303200
+212689305500
+212689319900
+212689322200
+212689336600
+212689338900
+212689341200
+212689355600
+212689370000
+212689372300
+212689386700
+212689401100
+212689403400
+212689417800
+212689432200
+212689434500
+212689436800
+212689452100
+212689454400
+212689456700
+212689459000
+212689473400
+212689475700
+212689489600
+212689503500
+212689505800
+212689519700
+212689522000
+212689536300
+212689550700
+212689553000
+212689567100
+212689581000
+212689594900
+212689597200
+212689647700
+212689764951
+212689914391
+212690060000
+212690073007
+212690378600
+212690430600
+212690482700
+212690860000
+212691309000
+212691361100
+212691433200
+212691690000
+212691986083
+212692101400
+212692151600
+212692205200
+212692272600
+212692348700
+212692385900
+212692432100
+212692446200
+212693273200
+212693330000
+212693340700
+212693354600
+212693368700
+212693382900
+212693397300
+212693399600
+212693410000
+212693413500
+212693415800
+212693418100
+212693420400
+212693434500
+212693448900
+212693463000
+212693496000
+212693498300
+212693500600
+212693502900
+212693517300
+212693519600
+212693521900
+212693524200
+212693538600
+212693552500
+212693554800
+212693557100
+212693571500
+212693585400
+212693599200
+212693601500
+212693603800
+212693606100
+212693608400
+212693610700
+212693624600
+212693638500
+212693652400
+212693654700
+212693668800
+212693682900
+212693685200
+212693699100
+212693713000
+212693715300
+212693717600
+212693755400
+212693757700
+212693760000
+212693774100
+212693788200
+212693802300
+212693804600
+212693806900
+212693809200
+212693823300
+212693825600
+212693839700
+212693853800
+212693856100
+212693870200
+212693872500
+212693886600
+212693888900
+212693902800
+212693905100
+212693919000
+212693921300
+212693935200
+212693949100
+212693951400
+212693965200
+212693967500
+212693981800
+212693984100
+212693998500
+212694012900
+212694015200
+212694017500
+212694031900
+212694034200
+212694036500
+212694050700
+212694065000
+212694067300
+212694081500
+212694095700
+212694110100
+212694112400
+212694114700
+212694129100
+212694131400
+212694145500
+212694147800
+212694198100
+212694263300
+212694668674
+212694807185
+212694931500
+212694970000
+212694985200
+212695036100
+212695087500
+212695120000
+212695969500
+212696032300
+212696610000
+212696832300
+212696884400
+212696950700
+212696979499
+212696998300
+212697012200
+212697026100
+212697040000
+212697042300
+212697056200
+212697058500
+212697060800
+212697074700
+212697077000
+212697091400
+212697105300
+212697107600
+212697121500
+212697123800
+212697137700
+212697140000
+212697173300
+212697175600
+212697177900
+212697215300
+212697280600
+212697327600
+212697800000
+212698010000
+212698019856
+212698128600
+212698142700
+212698156600
+212698170500
+212698172800
+212698175100
+212698189000
+212698202900
+212698205200
+212698207500
+212698209800
+212698223900
+212698226200
+212698228500
+212698242400
+212698250000
+212698256300
+212698270200
+212698272500
+212698286400
+212698288700
+212698302600
+212698316500
+212698330400
+212698332700
+212698335000
+212698337300
+212698351200
+212698365100
+212698379000
+212698381300
+212698395200
+212698397500
+212698399800
+212698402100
+212698404400
+212698418500
+212698432600
+212698434900
+212698437200
+212698451100
+212698465000
+212698467300
+212698469600
+212698471900
+212698474200
+212698488100
+212698502000
+212698516400
+212698518700
+212698532600
+212698546500
+212698560900
+212698575300
+212698589100
+212698603300
+212698617600
+212698619900
+212698634300
+212698636600
+212698650900
+212698653200
+212698655500
+212698657800
+212698660100
+212698674500
+212698676800
+212698679100
+212698681400
+212698695800
+212698710100
+212698724500
+212698738900
+212698753300
+212698755600
+212698769800
+212698772100
+212698786400
+212698788700
+212698802900
+212698805200
+212698819600
+212698821900
+212698836300
+212698838600
+212698853000
+212698867400
+212698869700
+212698872000
+212698874300
+212698876600
+212698878900
+212698881200
+212698895500
+212698909900
+212698923800
+212698938200
+212698952300
+212699034800
+212699059500
+212699130000
+212699132700
+212699180300
+212699194400
+212699196700
+212699203800
+212699282300
+212699296800
+212699310700
+212699320500
+212699322800
+212699325100
+212699327400
+212699329700
+212699391800
+212699452134
+212699468500
+212699890000
+212699997800
+212700410000
+212701360000
+212701530000
+212701716269
+212701835140
+212702130000
+212702171757
+212702199700
+212702257800
+212702304300
+212702330800
+212703170000
+212703216000
+212703269000
+212703324100
+212704140000
+212704153900
+212704168300
+212704170600
+212704184700
+212704187000
+212704200900
+212704214800
+212704228700
+212704231000
+212704244900
+212704247200
+212704261100
+212704263400
+212704277300
+212704279600
+212704293500
+212704295800
+212704309900
+212704312200
+212704326100
+212704365600
+212704367900
+212704370200
+212704372500
+212704386400
+212704388700
+212704391000
+212704810000
+212705277100
+212705336300
+212705383700
+212705400500
+212705477300
+212705491200
+212705493500
+212705507800
+212705510100
+212705524500
+212705526800
+212705540700
+212705543000
+212705556900
+212705571000
+212705573300
+212705587200
+212705589500
+212705596107
+212705603400
+212705610500
+212705612800
+212705627500
+212705673500
+212705687400
+212705689700
+212705703600
+212705705900
+212705720000
+212705722300
+212705724600
+212705726900
+212705740800
+212705754700
+212705757000
+212705759300
+212705782600
+212705796500
+212705823900
+212706006519
+212706450000
+212707804000
+212707830500
+212707849700
+212707868200
+212708090000
+212708540000
+212709393257
+212709440000
+212709498100
+212709500400
+212709514300
+212709528200
+212709542100
+212709544400
+212709546700
+212709560600
+212709562900
+212709565200
+212709579100
+212709593000
+212709606900
+212709620800
+212709634700
+212709637000
+212709650900
+212709664800
+212709667100
+212709669400
+212709671700
+212709674000
+212709676300
+212709690400
+212709730000
+212709731600
+212709733900
+212709736200
+212709738500
+212709752400
+212709766300
+212709817900
+212709910000
+212710469800
+212710496500
+212710510900
+212710513200
+212710527100
+212710529400
+212710543300
+212710545600
+212710564200
+212710578100
+212710592000
+212710594300
+212710608400
+212710610700
+212710625100
+212710627400
+212710641800
+212710683600
+212710685900
+212710688200
+212710690500
+212710692800
+212710695100
+212710709500
+212710723400
+212710725700
+212710739600
+212710754000
+212710767900
+212710781800
+212710784100
+212710786400
+212710800300
+212710802600
+212710804900
+212710818800
+212710821100
+212710823400
+212710837300
+212710851200
+212710853500
+212710867400
+212710881500
+212710895600
+212710897900
+212710900200
+212710914300
+212710916600
+212710918900
+212710932800
+212710935100
+212710948900
+212710963300
+212710965600
+212710967900
+212710982200
+212710996600
+212711010900
+212711013200
+212711015500
+212711029900
+212711044300
+212711046600
+212711048900
+212711063300
+212711077700
+212711080000
+212711094400
+212711108800
+212711111100
+212711113400
+212711115700
+212711130000
+212711144400
+212711150739
+212711150805
+212711158800
+212711161100
+212711163400
+212711165700
+212711168000
+212711182300
+212711196500
+212711198800
+212711201100
+212711203400
+212711205700
+212711220100
+212711234500
+212711236800
+212711251200
+212711265600
+212711280000
+212711294400
+212711308800
+212711323100
+212711325400
+212711339800
+212711342100
+212711344400
+212711346700
+212711349000
+212711360000
+212711387800
+212711390100
+212711404000
+212711417900
+212711420200
+212711434100
+212711448500
+212711462800
+212711476700
+212711490600
+212711492900
+212711507300
+212711509600
+212711523500
+212711525800
+212711528100
+212711542000
+212711544300
+212711546600
+212711548900
+212711562800
+212711565100
+212711567400
+212711619500
+212711657097
+212711750000
+212712287700
+212712339500
+212713000000
+212713114500
+212713167500
+212713242200
+212713331023
+212713600000
+212714124100
+212714187300
+212714238500
+212714283500
+212714325900
+212714392200
+212714406300
+212714420200
+212714434100
+212714448000
+212714450300
+212714464200
+212714466500
+212714480400
+212714482700
+212714496600
+212714510500
+212714524400
+212714538300
+212714540600
+212714542900
+212714545200
+212714547500
+212714561400
+212714563700
+212714566000
+212714568300
+212714570600
+212714584500
+212714616300
+212714640000
+212714918753
+212715392100
+212715450000
+212715455400
+212715500300
+212715514400
+212715550600
+212715564500
+212715566800
+212715580700
+212715583000
+212715596900
+212715599200
+212715613100
+212715627000
+212715629300
+212715631600
+212715646000
+212715648300
+212715662700
+212715665000
+212715667300
+212715669600
+212715684000
+212715698400
+212715712700
+212715715000
+212715717300
+212715719600
+212715733500
+212715747400
+212715761700
+212715775600
+212715777900
+212715791800
+212715805700
+212715808000
+212715810300
+212715824200
+212715826500
+212715840400
+212715854800
+212715911500
+212715925600
+212715997100
+212715999400
+212716730000
+212716732105
+212716856600
+212717300000
+212717619800
+212717622100
+212717624400
+212717676100
+212717724000
+212717726300
+212717806600
+212717856200
+212717870600
+212717921200
+212717973900
+212718026000
+212718694200
+212718696500
+212718710400
+212718712700
+212718726600
+212718740500
+212718742800
+212718745100
+212718747400
+212718761800
+212718775700
+212718778000
+212718780300
+212718782600
+212718796500
+212718798800
+212718812700
+212718826600
+212718840500
+212718854600
+212718926200
+212718957700
+212719130000
+212719815400
+212719852000
+212719860000
+212719897400
+212719911300
+212719913600
+212719915900
+212719929800
+212719943600
+212719957500
+212719959800
+212719962100
+212719964400
+212719966700
+212719969000
+212719982900
+212719996800
+212720001007
+212720010700
+212720013000
+212720027100
+212720029400
+212720043300
+212720057200
+212720059500
+212720065002
+212720069006
+212720073400
+212720087300
+212720089600
+212720090000
+212720104000
+212720106300
+212720108600
+212720110900
+212720124800
+212720461040
+212720681180
+212720681182
+212720681188
+212720776700
+212720827700
+212720854400
+212720900226
+212720902600
+212720916500
+212720930400
+212720932700
+212720970400
+212720972700
+212720986800
+212720989100
+212720990000
+212721003200
+212721017300
+212721019600
+212721021900
+212721024200
+212721038300
+212721083200
+212721097300
+212721099600
+212721101900
+212721104200
+212721106500
+212721108800
+212721122900
+212721137000
+212721151100
+212721165000
+212721167300
+212721181400
+212721195500
+212721197800
+212721200100
+212721214200
+212721228300
+212721242200
+212721244500
+212721258400
+212721272800
+212721287200
+212721289500
+212721291800
+212721294100
+212721308200
+212721310500
+212721312800
+212721315100
+212721329400
+212721331700
+212721334000
+212721347900
+212721361800
+212721375700
+212721378000
+212721391900
+212721405800
+212721408100
+212721410400
+212721412700
+212721426600
+212721428900
+212721442800
+212721456700
+212721470600
+212721484500
+212721486800
+212721500700
+212721503000
+212721505300
+212721519200
+212721521500
+212721523800
+212721537700
+212721551600
+212721565500
+212721567800
+212721570100
+212721572400
+212721586300
+212721588600
+212721590900
+212721593200
+212721607100
+212721621000
+212721623300
+212721637200
+212721651100
+212721653400
+212721655700
+212721669600
+212721683500
+212721697400
+212721699700
+212721702000
+212721704300
+212721718200
+212721720500
+212721734400
+212721748300
+212721750600
+212721752900
+212721766800
+212721769100
+212721783000
+212721785300
+212721787600
+212721801500
+212721815400
+212721829300
+212721843100
+212721857500
+212721859800
+212721874100
+212721876400
+212721878700
+212721893100
+212721895400
+212721897700
+212721900000
+212721902300
+212721916700
+212721919000
+212721933400
+212721947800
+212721950100
+212721964500
+212721978900
+212721981200
+212721995600
+212721997900
+212722012200
+212722026400
+212722028700
+212722031000
+212722045400
+212722059600
+212722061900
+212722064200
+212722078600
+212722093000
+212722107400
+212722121800
+212722124100
+212722126400
+212722140800
+212722143100
+212722145400
+212722147700
+212722150000
+212722152300
+212722166600
+212722181000
+212722183300
+212722185600
+212722187900
+212722190200
+212722204600
+212722206900
+212722221200
+212722235600
+212722237900
+212722252300
+212722266600
+212722281000
+212722283300
+212722285600
+212722287900
+212722290200
+212722304600
+212722319000
+212722321300
+212722323600
+212722338000
+212722352400
+212722366800
+212722369100
+212722383400
+212722385700
+212722400100
+212722414400
+212722416700
+212722431100
+212722445400
+212722447700
+212722462000
+212722464300
+212722478700
+212722481000
+212722495400
+212722509800
+212722512100
+212722514400
+212722528800
+212722543100
+212722557500
+212722559800
+212722562100
+212722564400
+212722578800
+212722581100
+212722595500
+212722597800
+212722612200
+212722626500
+212722640800
+212722655200
+212722669600
+212722671900
+212722674200
+212722676500
+212722678800
+212722681100
+212722695500
+212722697800
+212722700100
+212722714400
+212722716700
+212722731100
+212722733400
+212722747800
+212722762200
+212722776600
+212722778900
+212722781200
+212722795600
+212722797900
+212722800200
+212722802500
+212722804800
+212722819200
+212722833500
+212722847900
+212722850000
+212722917700
+212722971800
+212723812600
+212723878900
+212723930800
+212724080000
+212724710000
+212724812800
+212724864900
+212725533100
+212725586200
+212725600600
+212725615200
+212725629300
+212725631700
+212725634100
+212725648700
+212725724300
+212725726700
+212725776400
+212725790500
+212725792900
+212725795300
+212725851000
+212725865100
+212725867500
+212725881600
+212725884000
+212725886400
+212725900500
+212725902900
+212725905300
+212725919400
+212725921800
+212725924200
+212725938800
+212725952900
+212725967000
+212725981200
+212726570000
+212726823100
+212726830000
+212726893200
+212726907300
+212726909700
+212726924100
+212726926500
+212726928900
+212726943300
+212726945700
+212726948100
+212726950500
+212726964800
+212727001700
+212727034900
+212727080500
+212727094600
+212727108700
+212727111100
+212727125700
+212727128100
+212727142200
+212727144600
+212727147000
+212727161400
+212727175500
+212727189600
+212727203700
+212727206100
+212727220500
+212727234900
+212727249300
+212727251700
+212727266100
+212727268500
+212727270900
+212727273300
+212727317400
+212727372900
+212728214700
+212728284700
+212728336700
+212728352300
+212728354700
+212728368800
+212728383200
+212728397600
+212728400000
+212728402400
+212728404800
+212728407200
+212728421600
+212728424000
+212728430000
+212728438400
+212728452500
+212728466600
+212728469000
+212728471400
+212728473800
+212728488200
+212728502600
+212728505000
+212728507400
+212728521700
+212728536100
+212728594300
+212728621100
+212730065007
+212730068006
+212730290000
+212730632400
+212730651300
+212730665600
+212730679700
+212730682100
+212730684500
+212730698600
+212730725500
+212730777200
+212730820100
+212731472100
+212731474500
+212731476900
+212731479300
+212731493600
+212731507900
+212731552500
+212731566800
+212731569200
+212731583500
+212731585900
+212731604600
+212731618900
+212731621300
+212731664300
+212731666700
+212731680800
+212731683200
+212731685600
+212731699700
+212731713900
+212731728000
+212731742100
+212731744500
+212731746900
+212731761000
+212731775100
+212731777500
+212731779900
+212731794000
+212731796400
+212731811000
+212731813400
+212731827900
+212731841900
+212731856500
+212731870600
+212731873000
+212731887600
+212731890000
+212731892400
+212731894800
+212731909400
+212731924000
+212731926400
+212731928800
+212731943300
+212731957900
+212731972500
+212731974900
+212731977300
+212731979700
+212731982100
+212731996600
+212732011200
+212732013600
+212732016000
+212732030500
+212732045100
+212732047500
+212732062100
+212732064500
+212732066900
+212732081500
+212732083900
+212732098500
+212732100900
+212732103300
+212732117400
+212732150000
+212732196000
+212732269900
+212732284000
+212732336400
+212732351000
+212732353400
+212732355800
+212732370300
+212732372700
+212732387300
+212732401500
+212733069800
+212733120800
+212733352631
+212733464808
+212733464809
+212733464814
+212733464890
+212733464892
+212733939200
+212733990900
+212734010000
+212734043200
+212734925300
+212734991700
+212735046100
+212735112600
+212735126700
+212735129100
+212735131500
+212735145600
+212735148000
+212735162100
+212735164500
+212735166900
+212735181000
+212735195100
+212735209200
+212735223300
+212735225700
+212735228100
+212735230500
+212735268300
+212735282400
+212735296500
+212735298900
+212735312900
+212735315300
+212735950000
+212736134300
+212736200800
+212736215100
+212736264300
+212736303400
+212736305800
+212736308200
+212736310600
+212736313000
+212736327100
+212736341200
+212736355800
+212736358200
+212736360600
+212736374700
+212736388800
+212736391200
+212736393600
+212736407600
+212736421700
+212736435800
+212736449800
+212736463800
+212736477900
+212736480300
+212736482700
+212736485100
+212736487500
+212736501600
+212736504000
+212736518100
+212736532200
+212736546300
+212736548700
+212736562800
+212736565200
+212736579300
+212736581700
+212736595800
+212736598200
+212736600600
+212736614700
+212736617100
+212736631200
+212736633600
+212736647700
+212736661800
+212736664200
+212736678300
+212736692400
+212736694800
+212736697200
+212736711300
+212736713700
+212736716100
+212736718500
+212736733100
+212736735500
+212736737900
+212736740300
+212736754400
+212736768400
+212736782500
+212736796600
+212736810700
+212736813100
+212736827200
+212736829600
+212736832000
+212736834400
+212736836800
+212736850900
+212736891000
+212736905100
+212736919100
+212736933200
+212736935600
+212736938000
+212736952600
+212736967000
+212736981600
+212736984000
+212736998600
+212737013200
+212737015600
+212737030200
+212737044800
+212737059300
+212737061700
+212737076200
+212737078600
+212737081000
+212737083400
+212737085800
+212737088200
+212737090600
+212737105200
+212737107600
+212737147900
+212737150300
+212737164900
+212737179400
+212737194000
+212737196400
+212737198800
+212737867200
+212737919500
+212737970300
+212738024200
+212738787500
+212738838600
+212738885200
+212738899400
+212738920000
+212739674900
+212739733000
+212739784956
+212739807500
+212739858200
+212739901500
+212739915600
+212739918000
+212739932100
+212739946200
+212739948600
+212739962700
+212739976800
+212739979200
+212739981600
+212739995600
+212740009700
+212740012100
+212740026200
+212740028600
+212740042700
+212740045100
+212740059200
+212740069006
+212740073300
+212740075700
+212740077006
+212740078100
+212740092200
+212740094600
+212740108700
+212740111100
+212740125200
+212740139300
+212740141700
+212740144100
+212740158200
+212740160600
+212740163000
+212740165400
+212740197600
+212740255800
+212740320000
+212740913261
+212740990000
+212741031900
+212741078100
+212741115000
+212741129300
+212741131700
+212741145800
+212741159900
+212741162300
+212741176400
+212741178800
+212741192900
+212741207000
+212741221100
+212741235400
+212741237800
+212741240200
+212741242600
+212741245000
+212741247400
+212741249800
+212741264400
+212741278500
+212741280900
+212741295000
+212741309100
+212741311500
+212741326000
+212741340100
+212741354200
+212741368700
+212741371100
+212741385200
+212741399300
+212741401700
+212741415800
+212741429900
+212741432300
+212741434700
+212741437100
+212741439500
+212741441900
+212741444300
+212741446700
+212741460800
+212741475300
+212741489400
+212741491800
+212741494200
+212741496600
+212741499000
+212741513100
+212741527200
+212741541300
+212741555400
+212741557800
+212741560200
+212741574300
+212741576700
+212741579100
+212741593200
+212741607300
+212741621400
+212741635500
+212741637900
+212741640300
+212741654400
+212741668500
+212741683000
+212741697500
+212741699900
+212741714400
+212741716800
+212741719200
+212741721600
+212741724000
+212741726400
+212741740500
+212741742900
+212741745300
+212741747700
+212741761800
+212741775900
+212741790500
+212741792900
+212741795300
+212741809400
+212741823500
+212741825900
+212741840000
+212741842400
+212741856800
+212741871300
+212741873700
+212741876100
+212741890700
+212741905200
+212741919800
+212741934400
+212741936800
+212741951300
+212741953700
+212741956100
+212741970700
+212741973100
+212741987700
+212742002300
+212742016800
+212742031300
+212742033700
+212742036100
+212742038500
+212742040900
+212742055500
+212742057900
+212742060300
+212742062700
+212742077300
+212742079700
+212742094200
+212742096600
+212742099000
+212742113600
+212742127700
+212742142200
+212742156300
+212742158700
+212742161100
+212742175200
+212742177600
+212742180000
+212742194100
+212742208700
+212742211100
+212742213500
+212742270400
+212742604283
+212743161300
+212743175500
+212743226400
+212743228800
+212743309300
+212743381400
+212743431700
+212743446300
+212743517200
+212743583700
+212743830000
+212744251900
+212744304900
+212745187000
+212745239300
+212745241700
+212745244100
+212745258200
+212745260600
+212745274700
+212745277100
+212745291200
+212745293600
+212745296000
+212745310100
+212745324200
+212745338300
+212745352400
+212745354800
+212745400200
+212745437300
+212746328900
+212746401100
+212746415400
+212746447900
+212746462000
+212746476100
+212746490200
+212746492600
+212746506700
+212746509100
+212746523200
+212746525600
+212746528000
+212746530400
+212746545000
+212746547400
+212746561500
+212746563900
+212746566300
+212746580400
+212746582800
+212746596900
+212746611000
+212746613400
+212746627500
+212746641600
+212746655700
+212746669800
+212746672200
+212746674600
+212746688700
+212746691100
+212746705200
+212746719300
+212746721700
+212746724100
+212746738200
+212746752300
+212746754700
+212746768800
+212746771200
+212746785300
+212746787700
+212746790100
+212746792500
+212746794900
+212746797300
+212746799700
+212746802100
+212746816200
+212746830300
+212746844400
+212746858500
+212746860900
+212746863300
+212746865700
+212746879800
+212746893900
+212746908000
+212746922100
+212746924500
+212746938600
+212746952700
+212746966800
+212746980900
+212746983300
+212746985700
+212746988100
+212747002200
+212747004600
+212747007000
+212747009400
+212747023500
+212747037600
+212747051700
+212747054100
+212747068200
+212747082300
+212747096400
+212747110500
+212747112900
+212747112947
+212747115300
+212747117700
+212747131800
+212747134200
+212747136600
+212747150700
+212747153100
+212747155500
+212747157900
+212747160300
+212747174400
+212747188500
+212747190900
+212747205000
+212747207400
+212747209800
+212747223900
+212747226300
+212747240400
+212747254500
+212747268600
+212747271000
+212747273400
+212747287500
+212747289900
+212747304000
+212747318100
+212747332200
+212747334600
+212747337000
+212747351100
+212747353500
+212747355900
+212747358300
+212747360700
+212747374800
+212747377200
+212747379600
+212747393700
+212747407800
+212747421900
+212747424300
+212747438400
+212747440800
+212747454900
+212747455861
+212747469300
+212747483900
+212747498500
+212747513100
+212747515500
+212747517900
+212747532500
+212747547100
+212747549500
+212747563900
+212747578500
+212747593100
+212747595500
+212747597900
+212747612400
+212747614800
+212747617200
+212747619600
+212747622000
+212747624400
+212747626800
+212747629200
+212747631600
+212747634000
+212747636400
+212747638800
+212747653400
+212747668000
+212747670400
+212747672800
+212747687400
+212747702000
+212747704400
+212747719000
+212747733400
+212747748000
+212747762600
+212747777000
+212747791600
+212747794000
+212747808600
+212747811000
+212747813400
+212747828000
+212747842600
+212747845000
+212747847400
+212747861900
+212747876500
+212747891100
+212747893500
+212747908100
+212747910500
+212747912900
+212747927400
+212747929800
+212747944400
+212747946800
+212747961400
+212747976000
+212747978400
+212747993000
+212747995400
+212747997800
+212748000200
+212748002600
+212748017200
+212748019600
+212748022000
+212748036500
+212748051100
+212748065500
+212748080100
+212748094700
+212748109300
+212748111700
+212748126100
+212748128500
+212748130900
+212748145500
+212748160000
+212748162400
+212748177000
+212748179400
+212748181800
+212748184200
+212748198800
+212748201200
+212748203600
+212748206000
+212748220600
+212748235200
+212748237600
+212748252200
+212748254600
+212748269200
+212748283600
+212748298200
+212748300600
+212748315200
+212748329800
+212748344400
+212748346800
+212748349200
+212748363800
+212748366200
+212748368600
+212748371000
+212748385400
+212748400000
+212748402400
+212748417000
+212748419400
+212748421800
+212748424200
+212748478500
+212748480900
+212748495000
+212748497400
+212748512000
+212748526600
+212748540800
+212748543200
+212748623200
+212748674000
+212748688500
+212748740800
+212748791300
+212748799944
+212749540000
+212749673400
+212750067002
+212750074006
+212750341700
+212750394400
+212750460000
+212751263000
+212751300000
+212751334600
+212751388900
+212751455400
+212751469500
+212751471900
+212751474300
+212751488400
+212751490800
+212751504900
+212751519000
+212751533100
+212751547200
+212751561200
+212751563600
+212751577700
+212751580100
+212751582500
+212751584900
+212751599500
+212751601900
+212751604300
+212751606700
+212751609100
+212751623700
+212751655200
+212751657600
+212751671700
+212751685800
+212751699900
+212751702300
+212751748400
+212751762700
+212752170000
+212752632000
+212752703700
+212752741800
+212752755900
+212752758300
+212752760700
+212752774800
+212752777200
+212752779600
+212752793700
+212752807800
+212752821900
+212752836000
+212752838400
+212752852500
+212752854900
+212752869000
+212752883100
+212752897200
+212752899600
+212752902000
+212752916100
+212752918500
+212752932600
+212752946700
+212752961300
+212752963700
+212752966100
+212752968500
+212752982600
+212752996700
+212753010800
+212753013200
+212753015600
+212753057300
+212753059700
+212753062100
+212753064500
+212753078600
+212753080000
+212753081000
+212753095100
+212753097500
+212753099900
+212753114000
+212753167000
+212753193900
+212753845900
+212753860000
+212753874100
+212753888200
+212753890600
+212753904700
+212753918800
+212753932900
+212753947000
+212753949400
+212753950000
+212753951800
+212753954200
+212753956600
+212753959000
+212753961400
+212753975700
+212753978100
+212753980500
+212753994800
+212753997200
+212754011800
+212754014200
+212754028200
+212754030600
+212754044700
+212754058800
+212754061200
+212754075200
+212754089500
+212754104100
+212754106500
+212754108900
+212754123000
+212754125400
+212754127800
+212754142400
+212754144800
+212754172000
+212754190000
+212754231100
+212754238300
+212754258800
+212754273800
+212754750000
+212755186600
+212755204200
+212755239000
+212755241400
+212755255700
+212755270000
+212755284300
+212755286700
+212755289100
+212755291500
+212755293900
+212755308000
+212755322600
+212755341300
+212755355600
+212755358000
+212755360400
+212755374700
+212755388800
+212755391200
+212755405700
+212755420300
+212755422700
+212755425100
+212755427500
+212755429900
+212755432300
+212755446900
+212755449300
+212755463400
+212755477800
+212755480200
+212755494800
+212755508800
+212755522900
+212755525300
+212755527700
+212755530100
+212755544200
+212755558300
+212755560700
+212755563100
+212755565500
+212755580100
+212755594700
+212755609300
+212755611700
+212755614100
+212755628700
+212755630000
+212755643200
+212755657800
+212755660200
+212755662600
+212755677200
+212755691800
+212755694200
+212755696600
+212755711000
+212755725500
+212755740100
+212755754600
+212755769200
+212755771600
+212755774000
+212755788400
+212755790800
+212755793200
+212755807800
+212755822400
+212755824800
+212755839400
+212755841800
+212755844200
+212755846600
+212755861200
+212755863600
+212755866000
+212755868400
+212755870800
+212755885400
+212755887800
+212755890200
+212755904800
+212755907200
+212755921800
+212755936200
+212755950800
+212755953200
+212755967700
+212755970100
+212755984700
+212755999200
+212756013700
+212756016100
+212756018500
+212756020900
+212756023300
+212756037900
+212756040300
+212756042700
+212756057200
+212756071800
+212756086400
+212756101000
+212756115200
+212756194800
+212756268900
+212756271300
+212756273700
+212756324900
+212756339500
+212756348600
+212756351000
+212756365100
+212756367500
+212756382100
+212756384500
+212756386900
+212756401000
+212756415500
+212756429600
+212756450000
+212756480100
+212756990000
+212757323000
+212757350000
+212757391500
+212758142500
+212758194600
+212758260000
+212758862800
+212758915100
+212758969100
+212759021300
+212759023700
+212759037800
+212759051900
+212759066000
+212759068400
+212759082500
+212759084900
+212759099000
+212759113100
+212759115500
+212759129600
+212759160100
+212759162500
+212759164900
+212759167300
+212759190000
+212759235900
+212760065006
+212760070000
+212760079300
+212760093600
+212760129900
+212760174500
+212760188600
+212760202700
+212760216800
+212760230900
+212760233300
+212760247400
+212760261500
+212760275600
+212760278000
+212760292100
+212760294500
+212760308600
+212760311000
+212760313400
+212760315800
+212760329900
+212760332300
+212760346400
+212760348800
+212760362900
+212760365300
+212760367700
+212760370100
+212760384200
+212760386600
+212760402200
+212760404600
+212760448300
+212760497900
+212760860000
+212761341000
+212761398400
+212761466900
+212761481500
+212761495600
+212761498000
+212761512100
+212761514500
+212761528600
+212761531000
+212761533400
+212761535800
+212761549900
+212761564000
+212761566400
+212761580500
+212761582900
+212761597000
+212761599400
+212761601800
+212761615900
+212761618300
+212761620700
+212761634800
+212761648900
+212761651300
+212761665400
+212761679500
+212761693600
+212761696000
+212761710100
+212761724200
+212761726600
+212761740700
+212761743100
+212761745500
+212761759600
+212761770000
+212761773700
+212761787800
+212761790200
+212761792600
+212761806700
+212761809100
+212761811500
+212761813900
+212761828000
+212761842100
+212761856200
+212761858600
+212761872700
+212761875100
+212761889200
+212761891600
+212761905700
+212761908100
+212761922200
+212761924600
+212761938700
+212761941100
+212761943500
+212761957600
+212761971700
+212761974100
+212761988200
+212761990600
+212761993000
+212761995400
+212762009500
+212762011900
+212762026500
+212762040600
+212762054700
+212762057100
+212762059500
+212762061900
+212762064300
+212762066700
+212762080800
+212762094900
+212762097300
+212762111400
+212762126000
+212762140300
+212762142700
+212762157300
+212762159700
+212762162100
+212762176700
+212762190700
+212762193100
+212762207200
+212762221800
+212762224200
+212762226600
+212762229000
+212762231400
+212762246000
+212762248400
+212762262800
+212762265200
+212762279600
+212762282000
+212762296600
+212762299000
+212762301400
+212762315900
+212762330500
+212762345000
+212762347400
+212762349800
+212762352200
+212762366800
+212762381400
+212762383800
+212762398200
+212762412800
+212762415200
+212762429800
+212762444300
+212762458900
+212762473500
+212762475900
+212762490500
+212762505100
+212762507500
+212762509900
+212762524500
+212762539100
+212762553700
+212762556100
+212762558500
+212762573000
+212762575400
+212762577800
+212762592200
+212762594600
+212762597000
+212762611600
+212762614000
+212762616400
+212762618800
+212762633400
+212762648000
+212762662600
+212762677200
+212762679600
+212762682000
+212762684400
+212762686800
+212762701400
+212762703800
+212762706200
+212762720800
+212762723200
+212762737800
+212762752300
+212762754700
+212762769200
+212762771600
+212762786000
+212762788400
+212762803000
+212762817600
+212762820000
+212762834400
+212762836800
+212762851400
+212762866000
+212762880600
+212762883000
+212762897600
+212762900000
+212762914500
+212762916900
+212762919300
+212762921700
+212762924100
+212762938600
+212762953200
+212762955600
+212762958000
+212762972600
+212762975000
+212762977400
+212762979800
+212762993900
+212762996300
+212762998700
+212763012800
+212763027200
+212763029600
+212763044200
+212763058300
+212763072400
+212763086500
+212763088900
+212763103400
+212763117500
+212763119900
+212763122300
+212763144822
+212763198200
+212763248900
+212763251300
+212763265500
+212763290000
+212764074200
+212764121600
+212764884900
+212764949300
+212765003500
+212765018000
+212765068200
+212765119000
+212765121400
+212765789700
+212765841100
+212765893400
+212765907500
+212765909900
+212765924000
+212765926400
+212765928800
+212765942900
+212765945300
+212765947700
+212765961800
+212765964200
+212765978300
+212765980700
+212765994800
+212766008900
+212766023000
+212766025400
+212766478424
+212766834900
+212766849200
+212766898700
+212766939400
+212766978000
+212767042500
+212767056600
+212767070700
+212767084800
+212767087200
+212767101300
+212767103700
+212767117800
+212767120200
+212767122600
+212767136700
+212767139100
+212767141500
+212767155600
+212767169700
+212767172100
+212767174500
+212767188600
+212767191000
+212767205100
+212767207500
+212767221600
+212767235700
+212767238100
+212767252200
+212767266300
+212767268700
+212767282800
+212767285200
+212767299300
+212767301700
+212767304100
+212767318200
+212767320600
+212767334700
+212767337100
+212767351200
+212767365300
+212767367700
+212767381800
+212767384200
+212767386600
+212767400700
+212767403100
+212767405500
+212767419600
+212767433700
+212767436100
+212767450200
+212767464500
+212767466900
+212767469300
+212767483600
+212767486000
+212767488400
+212767502500
+212767504900
+212767507300
+212767509700
+212767524000
+212767538100
+212767589800
+212768180000
+212768241800
+212768268700
+212768312200
+212768314600
+212768328900
+212768331300
+212768333700
+212768348000
+212768362600
+212768401900
+212768416200
+212768457400
+212768459800
+212768474100
+212768488400
+212768490800
+212768493200
+212768507300
+212768521900
+212768524300
+212768526700
+212768529100
+212768531500
+212768545800
+212768559900
+212768574000
+212768576400
+212768590400
+212768604500
+212768618600
+212768621000
+212768623400
+212768625800
+212768640400
+212768642800
+212768657400
+212768659800
+212768674300
+212768688900
+212768691300
+212768693700
+212768733800
+212768736200
+212768738600
+212768741000
+212768755600
+212768769800
+212768784300
+212768798900
+212768861500
+212769190000
+212769700000
+212769743600
+212769794700
+212770074006
+212770463000
+212770515000
+212770559900
+212770626400
+212770678400
+212770740700
+212770793900
+212770830000
+212771070000
+212771556200
+212771608500
+212771623100
+212771637500
+212771639900
+212771642300
+212771644700
+212771659100
+212771673200
+212771675600
+212771713500
+212771752400
+212771815100
+212771829400
+212772470000
+212772496884
+212772592200
+212772640600
+212772654700
+212772657100
+212772671200
+212772673600
+212772688000
+212772690400
+212772704500
+212772706900
+212772721000
+212772735100
+212772737500
+212772752100
+212772754500
+212772756900
+212772759300
+212772773400
+212772775800
+212772789900
+212772804000
+212772818600
+212772832700
+212772835100
+212772849400
+212772850000
+212772851800
+212772865900
+212772880000
+212772882400
+212772884800
+212772887200
+212772889600
+212772892000
+212772894400
+212772909000
+212772911400
+212772925900
+212772928300
+212772930000
+212772942900
+212772945300
+212772947700
+212772962300
+212772976900
+212772979300
+212772993900
+212773008500
+212773010900
+212773013300
+212773027900
+212773042400
+212773057000
+212773071500
+212773085600
+212773099700
+212773102100
+212773154000
+212773206500
+212773272100
+212773274500
+212773289000
+212773342800
+212773345200
+212773347600
+212774110000
+212774172800
+212774251200
+212774253600
+212774309100
+212774360300
+212774374500
+212774388600
+212774391000
+212774770000
+212775151000
+212775724300
+212775750000
+212775775100
+212775820600
+212775823000
+212775837100
+212775839500
+212775841900
+212775856200
+212775870800
+212775885100
+212775899200
+212775901600
+212775904000
+212775918300
+212775950400
+212776016100
+212776059838
+212776061200
+212776098900
+212776630000
+212776924800
+212776927200
+212776941600
+212776957200
+212777012100
+212777053900
+212777104200
+212777390000
+212777929900
+212777995500
+212778009600
+212778024200
+212778027629
+212778038300
+212778040700
+212778043100
+212778057200
+212778059600
+212778062000
+212778064400
+212778078500
+212778092600
+212778106700
+212778120800
+212778123200
+212778137300
+212778151400
+212778153800
+212778167900
+212778170300
+212778172700
+212778175100
+212778189200
+212778203600
+212778217600
+212778220000
+212778222400
+212778224800
+212778238900
+212778241300
+212778255400
+212778269800
+212778272200
+212778274600
+212778277000
+212778291100
+212778293500
+212778295900
+212778310000
+212778324600
+212778327000
+212778329400
+212778343800
+212778357900
+212778360300
+212778362700
+212778365100
+212778367500
+212778381600
+212778395700
+212778410300
+212778424400
+212778438500
+212778452600
+212778466700
+212778469100
+212778483200
+212778485600
+212778488000
+212778490000
+212778502100
+212778516500
+212778530900
+212778533300
+212778535700
+212778550100
+212778552500
+212778554900
+212778557300
+212778559700
+212778562100
+212778576200
+212778590600
+212778593000
+212778607100
+212778609500
+212778623600
+212778638100
+212778640500
+212778642900
+212778645300
+212778659900
+212778674500
+212778676900
+212778691400
+212778705900
+212778720500
+212778734900
+212778737300
+212778751900
+212778754300
+212778756700
+212778771200
+212778785800
+212778800300
+212778802700
+212778805100
+212778819700
+212778822100
+212778824500
+212778826900
+212778829300
+212778831700
+212778834100
+212778848700
+212778851100
+212778865700
+212778880300
+212778894800
+212778909400
+212778911800
+212778914200
+212778928800
+212778931200
+212778945800
+212778960300
+212778974900
+212778989400
+212779004000
+212779018600
+212779021000
+212779023400
+212779030000
+212779037900
+212779040300
+212779042700
+212779045100
+212779059700
+212779062100
+212779076700
+212779079100
+212779093700
+212779108200
+212779110600
+212779113000
+212779115400
+212779130000
+212779144600
+212779147000
+212779149400
+212779164000
+212779178600
+212779181000
+212779183400
+212779185800
+212779200400
+212779215000
+212779217400
+212779219800
+212779222200
+212779236800
+212779251300
+212779265900
+212779280500
+212779295100
+212779297500
+212779299900
+212779314400
+212779316800
+212779319200
+212779321600
+212779324000
+212779401200
+212779403600
+212779479100
+212779493700
+212779500000
+212779508200
+212779510600
+212779524700
+212779527100
+212779541300
+212779590800
+212779605400
+212779607800
+212779621900
+212780070006
+212780244850
+212780290200
+212780342500
+212780350000
+212780409000
+212780464400
+212780516300
+212780569100
+212780670000
+212781451100
+212781468537
+212782210000
+212782294900
+212782310000
+212782363700
+212782366100
+212782380200
+212782394300
+212782408400
+212782410800
+212782413200
+212782415600
+212782429700
+212782770000
+212783274100
+212783317200
+212783347200
+212783416100
+212783430400
+212783463900
+212783478000
+212783492000
+212783506000
+212783508400
+212783510800
+212783513200
+212783515600
+212783529700
+212783543800
+212783546200
+212783560300
+212783562700
+212783615000
+212783617400
+212783632000
+212783692100
+212783732900
+212783748500
+212783798700
+212783930000
+212784015655
+212784070000
+212784430000
+212784642800
+212784711600
+212784725700
+212784740300
+212784742700
+212784745100
+212784759200
+212784761600
+212785413500
+212785455600
+212785507800
+212785534700
+212785537100
+212785539500
+212785553600
+212785556000
+212785570100
+212785572500
+212785574900
+212785577300
+212785591400
+212785605500
+212785619600
+212785633700
+212785647800
+212785650200
+212785743600
+212785763400
+212785807200
+212785817900
+212785845100
+212785847500
+212785861600
+212785864000
+212785878100
+212785892200
+212785894600
+212785908700
+212785922800
+212785925200
+212785927600
+212785930000
+212785941700
+212785955800
+212785958200
+212785960600
+212785963000
+212785977000
+212785979400
+212785993900
+212785996300
+212785998700
+212786013300
+212786027900
+212786042400
+212786056900
+212786071500
+212786073900
+212786080234
+212786088500
+212786090900
+212786093300
+212786107900
+212786122400
+212786124800
+212786139300
+212786141700
+212786144100
+212786158700
+212786161100
+212786163500
+212786221800
+212786450000
+212787790000
+212788233100
+212788259900
+212788278800
+212788281200
+212788283600
+212788286000
+212788300600
+212788315200
+212788329700
+212788820900
+212788835400
+212788849500
+212788851900
+212788854300
+212788868400
+212788883000
+212788897600
+212788900000
+212788902400
+212788904800
+212788918900
+212788933500
+212788935900
+212788950000
+212788964100
+212788966500
+212788968900
+212788983000
+212788985400
+212789610000
+212789830900
+212789880400
+212789894600
+212789949200
+212790020007
+212790025300
+212790078800
+212790570180
+212790570190
+212790734600
+212790778900
+212790846700
+212790849100
+212790902100
+212790952900
+212791006900
+212791041400
+212791104267
+212791147513
+212791470000
+212791887700
+212791955600
+212792002600
+212792041500
+212792055800
+212792069900
+212792084000
+212792098100
+212792112600
+212792115000
+212792117400
+212792119800
+212792133800
+212792136200
+212792150300
+212792152700
+212792155100
+212792157500
+212792171600
+212792174000
+212792188100
+212792202200
+212792204600
+212792207000
+212792221300
+212792235900
+212792238300
+212792252400
+212792254800
+212792257200
+212792314700
+212792328800
+212792331200
+212793177400
+212793245200
+212793260800
+212793312400
+212793330000
+212793356700
+212793370800
+212793373200
+212793387300
+212793389700
+212793403800
+212793406200
+212793408600
+212793423000
+212793425400
+212793439500
+212793453600
+212793467600
+212793481700
+212793484100
+212793486500
+212793500600
+212793515000
+212793517400
+212793536100
+212793550200
+212793552600
+212793555000
+212793569100
+212793571500
+212793573900
+212793588000
+212793590400
+212793604500
+212793606900
+212793620600
+212793634700
+212793676000
+212793701700
+212794547500
+212794554700
+212794572400
+212794586500
+212794588900
+212794603000
+212794617100
+212794619500
+212794621900
+212794636300
+212794650400
+212794664500
+212794678500
+212794680900
+212794683300
+212794685700
+212794688100
+212794702600
+212794717200
+212794719600
+212794722000
+212794736600
+212794739000
+212794741400
+212794743800
+212794746200
+212794760700
+212794763100
+212794765500
+212794767900
+212794770300
+212794772700
+212794787100
+212794801600
+212794816200
+212794830800
+212794845400
+212794847800
+212794850200
+212794864800
+212794867200
+212794881800
+212794896400
+212794911000
+212794913400
+212794928000
+212794942600
+212794961100
+212794975300
+212795012600
+212795027200
+212795029600
+212795032000
+212795046600
+212795061200
+212795063600
+212795077700
+212795091800
+212795094200
+212795108300
+212795110700
+212795125200
+212795139300
+212795153900
+212795156300
+212795158700
+212795173300
+212795175700
+212795190000
+212795247100
+212795261300
+212795311100
+212795363400
+212796102100
+212796770400
+212796850600
+212796901800
+212796976300
+212797020000
+212797033700
+212797036100
+212797086400
+212797138700
+212797141100
+212798013400
+212798027500
+212798029900
+212798044000
+212798058100
+212798060500
+212798062900
+212798065300
+212798079400
+212798093500
+212798095900
+212798110000
+212798124100
+212798126500
+212798128900
+212798143500
+212798145900
+212798160500
+212798162900
+212798230000
+212798234400
+212798450000
+212798677012
+212799107600
+212799121900
+212799159400
+212799192800
+212799239200
+212799253300
+212799255700
+212799270300
+212799272700
+212799275100
+212799277500
+212799291600
+212799305700
+212799319800
+212799322200
+212799324600
+212799338700
+212799352800
+212799366900
+212799369300
+212799371700
+212799374100
+212799388200
+212799402300
+212799404700
+212799418800
+212799421200
+212799423600
+212799437700
+212799451800
+212799465900
+212799468300
+212799482400
+212799496500
+212799498900
+212799501300
+212799515400
+212799517800
+212799532400
+212799534800
+212799537200
+212799551800
+212799554200
+212799556600
+212799571200
+212799573600
+212799587700
+212799590100
+212799604700
+212799619300
+212799621700
+212799635800
+212799638200
+212799640600
+212799655200
+212799669800
+212799672200
+212799686300
+212799688700
+212799702800
+212799705200
+212799719800
+212799734400
+212799749000
+212799763600
+212799766000
+212799768400
+212799782500
+212799797100
+212799799500
+212799801900
+212799804300
+212799806700
+212799809100
+212799811500
+212799825500
+212799839900
+212799854500
+212799856900
+212799871500
+212799886100
+212799888500
+212799903100
+212799917600
+212799932200
+212799934600
+212799948800
+212799951200
+212799953600
+212799956000
+212799958400
+212799973000
+212799975400
+212799977800
+212799980200
+212799982600
+212799996700
